0,389466591282200576,16280935,202,544,2,0.0,0,0,53,0,15
0,389466590267580416,1070846617,15,18,0,0.0,0,0,120,0,15
0,389466589969383424,1943050562,1,4,0,0.0,0,0,56,0,15
0,389466586471358464,16280935,202,544,2,0.0,0,0,91,0,16
0,389466585066270720,162061649,1965,879,19,0.0,0,0,81,0,16
0,389466584806203392,51845062,309,751,2,0.0,0,0,132,0,16
0,389466584731115520,1210035836,373,335,3,0.0,0,0,77,1,16
0,389466584470667264,41250010,177,217,4,0.0,0,0,77,0,16
0,389466581895348224,16280935,202,544,2,0.0,0,0,72,0,17
0,389466581627322368,374161420,68,477,0,0.0,0,0,72,1,17
0,389466572907368448,316583199,2523,2218,64,0.0,0,0,81,0,19
0,389466567140184064,16986317,21514,1148,262,0.0,0,0,86,0,20
2,389465978750660609,385087638,2725,649,12,0.0,0,0,100,0,161
0,389466562224484352,3307761,397,338,21,0.0,0,0,111,0,21
0,389466561624289280,335003809,11,29,0,0.0,0,0,74,0,22
0,389466560202420224,34509821,1336,828,7,0.0,0,0,122,1,22
0,389466556784066562,20462308,1062,206,91,0.0,0,0,55,1,23
0,389466554452430848,167126749,798,0,42,0.0,0,0,84,0,23
1,389465539770204160,1084743931,46,42,0,0.0,0,0,128,0,265
0,389466551109173248,17796829,620,372,24,0.0,0,0,40,1,24
0,389466550693933056,98095743,38,72,1,0.0,0,0,138,0,24
0,389466542435344384,83175087,84,169,6,0.0,0,0,140,0,26
0,389466539495137281,30776042,25,306,0,0.0,0,0,130,0,27
0,389466539105484801,120534149,2785,2650,25,0.0,0,0,102,0,27
0,389466537100201984,92349523,97,92,5,0.0,0,0,115,0,27
0,389466534545879040,373752052,22,31,0,0.0,0,0,129,0,28
0,389466528539611136,371084484,22,230,0,0.0,0,0,88,0,29
0,389466527780446208,1187590711,389,569,0,0.0,0,0,141,0,30
0,389466526220161026,1187590711,389,569,0,0.0,0,0,142,0,30
0,389466525502939136,16988492,745,445,38,0.0,0,0,74,1,30
0,389466524626321408,1187590711,389,569,0,0.0,0,0,128,0,30
0,389466517659590656,21323092,24406,16207,249,0.0,0,0,134,0,32
0,389466508394762240,21323092,24406,16207,249,0.0,0,0,134,0,34
0,389466508226592768,807187,1420,1453,102,0.0,0,0,74,0,34
0,389466501062733824,8642362,494,977,17,0.0,0,0,111,0,36
0,389466493672374272,1255242979,337,692,0,0.0,0,0,141,0,38
0,389466493177450497,1957616089,0,2,0,0.0,0,0,57,0,38
0,389466492133052416,1255242979,337,692,0,0.0,0,0,142,0,38
0,389466490493091840,1255242979,337,692,0,0.0,0,0,132,0,39
8,389465702974767104,352063861,27081,464,90,0.0,0,0,138,0,226
0,389466480233832449,632957618,152,178,0,0.0,0,0,76,1,41
0,389466480007331841,1873364234,35,29,0,0.0,0,0,134,0,41
0,389466476861599745,204943491,215,205,5,0.0,0,0,45,0,42
0,389466466686205952,1434769195,378,242,15,0.0,0,0,111,0,44
0,389466445564100609,1248508860,15,139,0,0.0,0,0,64,0,49
0,389466444611584000,601184907,20,41,0,0.0,0,0,91,0,50
0,389466444406083584,1066970346,441,581,0,0.0,0,0,81,1,50
0,389466443945115650,36982927,1142,521,20,0.0,0,0,90,0,50
1,389465966218080256,384146820,2436,815,58,0.0,0,0,40,1,164
0,389466438353698816,1062716244,371,96,9,0.0,0,0,99,0,51
0,389466437745532928,1062716244,371,96,9,0.0,0,0,81,0,51
0,389466437703569408,1219621034,91,150,3,0.0,0,0,57,0,51
0,389466437426761728,1062716244,371,96,9,0.0,0,0,89,0,51
0,389466437309726720,192216540,190,151,2,0.0,0,0,131,0,51
0,389466437066035200,1062716244,371,96,9,0.0,0,0,114,0,51
0,389466432120954880,253382001,670,98,61,0.0,0,0,125,0,52
0,389466429952888833,336028502,1166,732,1,0.0,0,0,117,0,53
0,389466429306572800,489250568,1564,792,6,0.0,0,0,110,1,53
0,389466426886463488,18790989,436,605,17,0.0,0,0,118,0,54
0,389466425200766976,94486791,1435,530,7,0.0,0,0,59,0,54
0,389466591236460544,220835022,11689,11895,47,0.0,0,0,96,0,16
0,389466590258819072,1828891,82,99,4,0.0,0,0,140,0,16
0,389466589575118848,166733398,1090,1722,9,0.0,0,0,90,0,16
1,389465918390013952,233781610,3436,3780,111,0.0,0,0,138,0,176
0,389466587461214209,1626496358,4,12,0,0.0,0,0,140,0,16
2,389466019829252096,328370646,474,686,2,0.0,0,0,133,0,152
0,389466585586348032,1199303612,15,2,4,0.0,0,0,124,0,17
0,389466585259188226,253731119,266,1981,2,0.0,0,0,137,0,17
0,389466584546152448,1199303612,15,2,4,0.0,0,0,137,0,17
0,389466582076112896,1022002280,2357,2203,24,0.0,0,0,95,0,18
0,389466579580485633,187423547,40590,3,220,0.0,0,0,65,0,18
1,389466428589756416,35507823,189,308,6,0.0,0,0,136,1,54
0,389466571061465088,16792689,3819,3985,37,0.0,0,0,76,0,20
0,389466568687484929,43946567,840,1020,15,0.0,0,0,141,0,21
0,389466565160095744,406312695,27370,27357,540,0.0,0,0,112,1,22
0,389466561599115264,582683374,678,666,8,0.0,0,0,63,0,23
0,389466561100001280,57351761,1330,154,40,0.0,0,0,79,0,23
0,389466558227296256,1656810919,112,854,0,0.0,0,0,79,0,23
0,389466558059515904,144147617,163351,84,755,0.0,0,0,132,0,23
0,389466554070335488,992877337,545,1031,4,0.0,0,0,121,0,24
0,389466549259476992,16792689,3819,3985,37,0.0,0,0,125,0,26
0,389466542364426240,152179661,1477,467,15,0.0,0,0,140,1,27
0,389466542309519360,462924454,99,209,3,0.0,0,0,47,1,27
0,389466541571706881,916384998,998,1108,19,0.0,0,0,120,0,27
0,389466528426758144,245379643,29175,3767,130,0.0,0,0,139,1,31
0,389466526383747073,866151295,942,1050,5,0.0,0,0,57,0,31
0,389466522919247872,1645667676,132,266,2,0.0,0,0,57,0,32
0,389466519857405952,314623854,1036,1134,12,0.0,0,0,136,0,33
0,389466519148589056,314623854,1036,1134,12,0.0,0,0,136,0,33
0,389466518456520704,314623854,1036,1134,12,0.0,0,0,136,0,33
0,389466518439747584,1111661414,122,469,5,0.0,0,0,136,0,33
0,389466517802201088,314623854,1036,1134,12,0.0,0,0,136,0,33
0,389466517206626304,582668318,4539,4490,10,0.0,0,0,70,0,33
0,389466517126905856,314623854,1036,1134,12,0.0,0,0,136,0,33
0,389466516392914945,1128727950,79,206,1,0.0,0,0,136,0,33
0,389466514555822080,153200324,820,853,5,0.0,0,0,136,0,34
0,389466511007813633,916384998,998,1108,19,0.0,0,0,109,0,35
0,389466509644693504,117399265,197,230,4,0.0,0,0,87,0,35
0,389466509049085952,94082969,2099,1541,56,0.0,0,0,140,0,35
0,389466507077775360,589939950,13,72,0,0.0,0,0,98,0,36
0,389466505265418240,47226639,1600,1994,9,0.0,0,0,136,0,36
0,389466504644677632,47226639,1600,1994,9,0.0,0,0,71,0,36
0,389466504002940928,47226639,1600,1994,9,0.0,0,0,136,0,36
0,389466503588114434,40221588,4682,978,22,0.0,0,0,94,0,36
0,389466503336058880,47226639,1600,1994,9,0.0,0,0,136,0,37
0,389466500882391040,327374428,678,740,1,0.0,0,0,139,0,37
0,389466500324540416,856953253,1568,909,10,0.0,0,0,137,0,37
0,389466499754500097,787489532,17,75,0,0.0,0,0,71,0,37
0,389466498148085760,1519634587,2171,2386,10,0.0,0,0,89,0,38
0,389466498000883713,16600471,4722,5662,3,0.0,0,0,136,0,38
0,389466497891844096,1697430242,716,1031,15,0.0,0,0,129,0,38
0,389466497237516288,16600471,4722,5662,3,0.0,0,0,71,0,38
0,389466496386072577,16600471,4722,5662,3,0.0,0,0,136,0,38
0,389466495337517056,16600471,4722,5662,3,0.0,0,0,136,0,38
0,389466494561579008,16600471,4722,5662,3,0.0,0,0,136,0,39
0,389466493328449536,582749346,6017,5935,19,0.0,0,0,116,0,39
0,389466491231289344,67399571,967,8,29,0.0,0,0,134,1,39
0,389466489872330753,1001539651,51,491,4,0.0,0,0,122,0,40
0,389466489243197440,14577674,13870,15254,412,0.0,0,0,102,0,40
0,389466488895455232,253214303,2905,2925,11,0.0,0,0,95,0,40
0,389466486785323008,295051845,1669,1976,29,0.0,0,0,136,0,40
0,389466481877995520,14676138,706,881,12,0.0,0,0,89,0,42
0,389466481492123648,67399571,967,8,29,0.0,0,0,134,1,42
0,389466478438645760,67399571,967,8,29,0.0,0,0,134,1,42
0,389466474512801792,244156691,867,1876,4,0.0,0,0,72,0,43
0,389466472961282049,54708035,4572,4068,124,0.0,0,0,75,0,44
0,389466472310796288,67399571,967,8,29,0.0,0,0,134,1,44
0,389466470935060480,6912362,6016,2990,219,0.0,0,0,98,0,44
1,389466004109414400,312732180,19747,19510,333,0.0,0,0,124,0,156
0,389466465138536448,14798480,49,9,0,0.0,0,0,49,0,46
1,389465547034746880,67953340,7488,5538,253,0.0,0,0,138,0,265
0,389466452103016448,1608054847,508,433,3,0.0,0,0,112,0,49
0,389466451478061056,614165574,9352,4922,102,0.0,0,0,84,0,49
1,389466152508076032,1149793760,5600,5186,65,0.0,0,0,124,0,120
0,389466444565450752,6045682,127,46,13,0.0,0,0,105,1,51
0,389466444385112064,502167489,735,1023,29,0.0,0,0,59,0,51
0,389466442728370176,317126617,1203,1134,19,0.0,0,0,136,0,51
1,389466295743574017,286830003,3437,3713,35,0.0,0,0,95,0,86
0,389466442187296768,317126617,1203,1134,19,0.0,0,0,136,0,51
0,389466584713920513,1292425982,568,574,1,0.0,0,0,43,0,17
0,389466583573073920,810884623,105,124,1,0.0,0,0,17,0,17
0,389466579580485633,187423547,40590,3,220,0.0,0,0,65,0,18
0,389466575557754881,406144853,1844,1950,7,0.0,0,0,133,0,19
0,389466573955932161,273299725,2045,923,11,0.0,0,0,75,0,20
0,389466570575319040,593119330,235,1041,0,0.0,0,0,31,0,20
0,389466570344263680,224471156,125,135,0,0.0,0,0,74,0,21
0,389466563314610176,1958800063,55,271,0,0.0,0,0,39,1,22
0,389466555488423937,1685187914,31,97,1,0.0,0,0,23,0,24
0,389466554146242560,148490922,176,714,1,0.0,0,0,96,0,24
0,389466544566071296,243843264,2791,1731,39,0.0,0,0,13,0,27
0,389466541097369601,557087232,2371,2328,0,0.0,0,0,37,0,28
0,389466541042847744,742440624,250,361,7,0.0,0,0,57,0,28
0,389466539545853952,263592110,735,124,10,0.0,0,0,49,0,28
0,389466539365134336,1128580934,6557,2386,10,0.0,0,0,52,0,28
0,389466537746120704,1883171058,14,44,0,0.0,0,0,40,0,28
0,389466535829336064,1640959670,676,1145,2,0.0,0,0,27,0,29
0,389466533048487936,234897237,3437,1278,40,0.0,0,0,15,0,29
4,389466451868131330,339670260,39394,31478,146,0.0,0,0,87,0,49
0,389466529588191233,1043464614,399,392,0,0.0,0,0,69,0,30
0,389466517529559040,1959228775,6,20,0,0.0,0,0,21,0,33
0,389466507165454336,1535606617,140,250,0,0.0,0,0,13,0,36
0,389466500857225216,483350092,4175,756,27,0.0,0,0,20,0,37
0,389466500358475778,237791795,1179,702,2,0.0,0,0,15,0,37
0,389466479499825153,377999193,368,648,0,0.0,0,0,13,0,42
4,389466451868131330,339670260,39394,31478,146,0.0,0,0,87,0,49
0,389466469869707264,792093685,943,662,1,0.0,0,0,48,1,44
0,389466459132268545,1956566556,0,1,0,0.0,0,0,67,0,47
1,389466454807953408,79390289,3750,70,16,0.0,0,0,84,1,48
4,389466451868131330,339670260,39394,31478,146,0.0,0,0,87,0,49
0,389466451352231937,58562573,20434,15823,79,0.0,0,0,114,1,49
0,389466443022360576,462144908,520,341,1,0.0,0,0,49,0,51
0,389466439901405184,862938504,229,2,2,0.0,0,0,41,0,52
1,389466148648910848,197558139,488,116,15,0.0,0,0,66,0,121
0,389466434041950208,926352266,197,59,2,0.0,0,0,37,1,53
4,389465801532506112,408064667,24208,15164,180,0.0,0,0,132,0,204
0,389466408381579265,367367676,302,606,1,0.0,0,0,10,0,59
0,389466387200356353,1958949386,5,22,0,0.0,0,0,21,0,64
2,389465807266148352,1883171058,14,44,0,0.0,0,0,91,1,202
1,389465467296817152,135232649,20667,811,21,0.0,0,0,58,0,284
0,389466374260527104,604113838,168,687,0,0.0,0,0,61,0,67
0,389466362533257216,49152428,136,172,3,0.0,0,0,128,1,70
0,389466360088371201,1037520372,2049,1988,6,0.0,0,0,132,0,71
0,389466354027597825,169803565,571,402,2,0.0,0,0,34,0,72
0,389466351682998272,222889250,10447,495,22,0.0,0,0,139,0,73
0,389466350185639936,560285229,4079,2929,12,0.0,0,0,99,0,73
0,389466347585146880,522709926,777,589,0,0.0,0,0,27,0,74
0,389466332879941633,1875050328,122,721,0,0.0,0,0,28,0,77
0,389466332292726784,473372559,1588,546,6,0.0,0,0,38,1,77
0,389466330803765248,71656915,1356,1976,2,0.0,0,0,49,1,78
0,389466327699554304,1956253886,0,1,0,0.0,0,0,59,0,78
0,389466320594804736,232937187,112,127,0,0.0,0,0,83,0,80
0,389466314768519168,524779453,1515,1952,25,0.0,0,0,44,0,81
1,389466300277202944,607637849,307,107,1,0.0,0,0,90,0,85
2,389465807266148352,1883171058,14,44,0,0.0,0,0,91,1,202
0,389466298562117632,45701011,449,1520,0,0.0,0,0,69,0,85
0,389466295399616512,406018793,794,699,0,0.0,0,0,69,1,86
0,389466290655879169,1609094570,129,205,0,0.0,0,0,135,0,87
0,389466290454155265,1958800063,55,271,0,0.0,0,0,23,1,87
0,389466287635968000,232937187,112,127,0,0.0,0,0,131,0,88
0,389466287618809856,792093685,943,662,1,0.0,0,0,26,1,88
0,389466280136159232,1910569526,5,11,0,0.0,0,0,58,0,90
0,389466275442749440,234596421,8582,4178,39,0.0,0,0,122,0,91
0,389466592633184257,1413228150,35,63,0,0.0,0,0,136,0,15
0,389466588526960640,1006805096,20,75,0,0.0,0,0,98,0,16
1,389466295042711552,340928994,4826,420,33,0.0,0,0,87,0,86
0,389466580045664256,350216350,621,141,0,0.0,0,0,23,0,18
0,389466559644991489,229471223,959,517,3,0.0,0,0,31,0,23
0,389466559611023360,244771039,132,137,0,0.0,0,0,67,0,23
0,389466559057772544,1357009406,622,1124,0,0.0,0,0,61,0,23
0,389466540237545472,745860876,686,681,0,0.0,0,0,103,1,28
0,389466535053381633,354916631,36,84,0,0.0,0,0,52,0,29
0,389466535028604928,377540357,102,134,2,0.0,0,0,37,1,29
0,389466532197466112,1357009406,622,1124,0,0.0,0,0,72,0,30
0,389466503651033088,743553092,608,478,0,0.0,0,0,14,0,36
0,389466497091125248,1357009406,622,1124,0,0.0,0,0,61,0,38
0,389466492418277377,353889727,366,301,5,0.0,0,0,82,0,39
0,389466489742700544,256758118,91,47,0,0.0,0,0,33,0,40
0,389466473648775168,320211620,1682,772,17,0.0,0,0,113,0,44
0,389466467110244354,1357009406,622,1124,0,0.0,0,0,65,0,45
0,389466450391351297,67134387,39042,33291,181,0.0,0,0,140,0,49
0,389466449019822080,1918413632,81,152,0,0.0,0,0,131,0,49
0,389466443613347840,132501663,1933,1776,3,0.0,0,0,102,1,51
0,389466439750807552,332432328,1757,445,4,0.0,0,0,135,0,52
0,389466431978758145,1357009406,622,1124,0,0.0,0,0,62,0,54
0,389466412487426048,339465988,905,422,3,0.0,0,0,70,0,58
0,389466401276059648,621270707,207,159,0,0.0,0,0,42,0,61
0,389466367512313856,434889702,116,174,0,0.0,0,0,137,0,69
0,389466363703468032,722781733,1543,1456,9,0.0,0,0,112,0,70
0,389466351120957440,1064465533,191,195,1,0.0,0,0,123,0,73
0,389466330300448768,1064465533,191,195,1,0.0,0,0,137,0,78
0,389466301552689152,720895398,115,93,1,0.0,0,0,60,0,85
0,389466298385977344,261517462,9764,1718,70,0.0,0,0,48,0,85
1,389466295042711552,340928994,4826,420,33,0.0,0,0,87,0,86
0,389466288806191105,1522675910,49,102,0,0.0,0,0,50,1,88
0,389466267456794625,1357009406,622,1124,0,0.0,0,0,61,0,93
0,389466266265993216,1682285713,179,170,1,0.0,0,0,69,1,93
0,389466247521259520,1357009406,622,1124,0,0.0,0,0,60,0,97
0,389466246414348288,302795407,322,309,1,0.0,0,0,20,0,98
0,389466242970832896,979381818,422,96,0,0.0,0,0,55,1,99
1,389465594229055488,798803400,145,90,0,0.0,0,0,22,0,253
0,389466233089052674,450697890,1547,364,18,0.0,0,0,44,0,101
0,389466229477351424,465191360,102,161,0,0.0,0,0,33,0,102
0,389466228307529728,1374475070,1935,2016,5,0.0,0,0,95,0,102
0,389466216529530880,252628917,200,145,1,0.0,0,0,34,0,105
0,389466209927712768,517758277,114,89,0,0.0,0,0,47,0,106
0,389466179636846592,63072021,51,45,1,0.0,0,0,99,1,114
0,389466178818551808,1357009406,622,1124,0,0.0,0,0,59,0,114
0,389466177724227584,150816408,759,299,2,0.0,0,0,116,0,114
0,389466167330340864,19427458,136,471,3,0.0,0,0,102,0,117
2,389465833040527360,178788853,809,715,3,0.0,0,0,44,0,196
0,389466154382553088,1357009406,622,1124,0,0.0,0,0,57,0,120
0,389466147844001792,1390525766,225,165,0,0.0,0,0,18,0,121
0,389466119775731712,304551778,2723,3206,1,0.0,0,0,119,0,128
2,389465833040527360,178788853,809,715,3,0.0,0,0,44,0,196
0,389466078457257984,526462745,1002,153,19,0.0,0,0,136,0,138
0,389466059730092032,312779799,1103,2001,0,0.0,0,0,53,1,142
0,389466055757676544,1695554864,326,789,0,0.0,0,0,24,0,143
0,389466051517632512,1542358260,166,398,0,0.0,0,0,30,0,144
0,389466003622887424,52781007,370,235,0,0.0,0,0,107,0,156
0,389465989898723328,499198365,132,154,0,0.0,0,0,138,1,159
0,389465928666075137,31067280,2760,324,42,0.0,0,0,89,0,174
0,389465920193572864,266997931,3262,286,9,0.0,0,0,89,0,176
0,389465903730917376,384215751,170,135,1,0.0,0,0,47,1,179
0,389465902166835201,516802566,128,121,1,0.0,0,0,25,0,180
0,389465859913445376,1368020047,234,399,0,0.0,0,0,25,0,190
1,389465717449293824,385311872,288,281,0,0.0,0,0,58,0,224
0,389465858843893760,464229657,23,32,0,0.0,0,0,91,1,190
0,389465853046951936,495180545,4118,2908,0,0.0,0,0,49,1,192
0,389465837813256192,622166671,277,463,0,0.0,0,0,36,1,195
0,389465836424921088,403089522,1054,265,1,0.0,0,0,44,0,196
0,389465834336555008,178243340,55,72,0,0.0,0,0,78,1,196
1,389465509122408448,38982115,779,39,3,0.0,0,0,49,0,274
0,389465799569571840,16788263,41852,2661,766,0.0,0,0,134,0,204
1,389465542840827904,714831325,479,420,1,0.0,0,0,137,0,266
0,389465787074752512,593136998,1878,1995,11,0.0,0,0,94,0,207
1,389465525551902720,1179059972,62,178,0,0.0,0,0,68,0,270
0,389466595787309056,1958786059,11,40,0,0.0,0,0,19,0,15
3,389466233742974976,251480111,6267,6315,5,0.0,0,0,84,0,102
0,389466590456336384,237331274,721,316,4,0.0,0,0,84,0,17
0,389466589935845376,402429883,536,454,2,0.0,0,0,75,1,17
0,389466588035833856,117203244,4412,4282,46,0.0,0,0,89,0,17
0,389466584752074752,382661292,394,379,0,0.0,0,0,140,0,18
0,389466575494860800,404654419,444,639,13,0.0,0,0,135,0,20
0,389466567467339777,563041323,266,238,1,0.0,0,0,85,0,22
0,389466567215702016,113722262,424,140,7,0.0,0,0,22,0,22
0,389466565785444352,1852100143,145,248,1,0.0,0,0,24,0,23
0,389466564703309825,230215144,349,1263,1,0.0,0,0,51,1,23
1,389466558273441792,571164038,581,378,1,0.0,0,0,129,0,24
0,389466556939640832,481708669,414,344,0,0.0,0,0,88,0,25
0,389466544394485760,149282805,567,498,1,0.0,0,0,22,0,28
0,389466540950581248,38555039,1858,448,32,0.0,0,0,55,0,29
0,389466540418293760,708238731,9,23,0,0.0,0,0,82,0,29
0,389466538174345216,248832281,1444,432,2,0.0,0,0,64,0,29
0,389466536718921728,392529891,164,229,0,0.0,0,0,57,0,30
0,389466532331261952,1043497249,220,174,0,0.0,0,0,130,0,31
0,389466527818215425,1912720158,132,211,0,0.0,0,0,82,1,32
0,389466527545581568,1942044414,45,63,0,0.0,0,0,131,0,32
0,389466524857036802,563281282,82,77,0,0.0,0,0,26,0,32
0,389466508663193600,288137529,1319,109,11,0.0,0,0,73,0,36
0,389466503889686528,17979212,35,235,0,0.0,0,0,86,0,37
1,389465615561289728,368727339,208,150,1,0.0,0,0,16,0,249
0,389466491349110784,1850165647,1639,1948,3,0.0,0,0,37,1,40
0,389466488362770432,1292817086,3673,1862,72,0.0,0,0,75,0,41
0,389466487196745728,583681053,848,1236,0,0.0,0,0,48,0,41
0,389466477105278976,1537898917,45,77,0,0.0,0,0,58,0,44
0,389466469832355841,367749949,175,138,1,0.0,0,0,88,0,45
0,389466469807190017,369515163,682,132,23,0.0,0,0,134,0,46
0,389466461925683200,742677798,5071,5087,6,0.0,0,0,99,0,47
0,389466455181623296,16972080,114,126,5,0.0,0,0,133,0,49
0,389466448307183616,1428373856,528,735,2,0.0,0,0,105,1,51
0,389466446465880064,20439589,2041,0,0,0.0,0,0,122,1,51
0,389466442204073984,27057686,1213,1231,84,0.0,0,0,122,0,52
2,389465595822870528,144685156,38343,22358,272,0.0,0,0,80,0,254
3,389466233742974976,251480111,6267,6315,5,0.0,0,0,84,0,102
0,389466433131786240,620315350,1308,646,2,0.0,0,0,15,0,54
0,389466426425507840,128856362,7661,873,9,0.0,0,0,125,0,56
0,389466421412909056,1335520364,261,256,0,0.0,0,0,83,0,57
0,389466417864507392,590174598,457,298,1,0.0,0,0,76,1,58
0,389466415574827009,102461860,368,366,0,0.0,0,0,40,1,58
0,389466407982755840,493686754,221,182,0,0.0,0,0,140,0,60
0,389466407857311744,130134936,129,248,2,0.0,0,0,83,0,60
0,389466406540283904,928155444,46,87,0,0.0,0,0,107,0,61
0,389466402307858432,339194410,555,363,1,0.0,0,0,140,0,62
3,389466113714962432,19136331,247887,1256,1322,0.0,0,0,127,0,130
0,389466393508196353,1270409802,99,63,2,0.0,0,0,134,0,64
1,389466327045263360,197244104,557,429,2,0.0,0,0,42,0,80
1,389465647895547904,30292495,3767,2041,71,0.0,0,0,76,0,241
0,389466370221817856,302679357,340,273,2,0.0,0,0,78,0,69
0,389466366962855936,243917510,686,604,0,0.0,0,0,82,0,70
0,389466364911439872,25251572,258,391,9,0.0,0,0,107,0,71
0,389466361174716417,1279322258,192,167,0,0.0,0,0,26,0,71
0,389466355432697856,561607211,208,237,0,0.0,0,0,81,0,73
0,389466349992308737,264512760,2951,3233,107,0.0,0,0,147,1,74
1,389466050703933440,494438380,203,175,0,0.0,0,0,50,0,145
0,389466339985092608,46702303,247,216,0,0.0,0,0,18,0,76
3,389466233742974976,251480111,6267,6315,5,0.0,0,0,84,0,102
0,389466336826753025,75195126,173,147,0,0.0,0,0,93,0,77
0,389466336373772288,517811594,297,727,2,0.0,0,0,26,0,77
0,389466335715262464,150853949,280,192,0,0.0,0,0,54,0,77
0,389466332015919104,317710274,73,300,0,0.0,0,0,43,0,78
1,389466327045263360,197244104,557,429,2,0.0,0,0,42,0,80
0,389466317310672899,19967899,266,193,3,0.0,0,0,77,0,82
0,389466290206695424,466814233,491,1028,1,0.0,0,0,67,0,88
0,389466275660824577,1916798977,13,71,0,0.0,0,0,45,0,92
0,389466269340033024,57979314,1121,710,0,0.0,0,0,50,0,93
0,389466266513051648,172027857,1187,906,1,0.0,0,0,78,0,94
0,389466264747266048,1270409802,99,63,2,0.0,0,0,134,0,94
1,389466016897851392,467206480,237,197,0,0.0,0,0,105,0,153
0,389466247332515840,23039797,345,524,34,0.0,0,0,42,0,99
0,389466247303548928,399596041,383,185,0,0.0,0,0,29,0,99
0,389466246103973888,438294683,1409,1967,0,0.0,0,0,49,0,99
0,389466244631756800,307434364,450,421,0,0.0,0,0,88,0,99
3,389466233742974976,251480111,6267,6315,5,0.0,0,0,84,0,102
0,389466232631472128,1465686120,51,139,0,0.0,0,0,40,0,102
0,389466225111080960,337295541,368,357,0,0.0,0,0,84,1,104
0,389466222233800704,938370072,84,101,1,0.0,0,0,117,0,105
1,389465787742048256,1562019612,461,546,1,0.0,0,0,83,1,208
1,389465968701100032,44808326,903,1516,17,0.0,0,0,143,0,165
0,389466592758595584,1059924024,842,323,0,0.0,0,0,101,0,16
0,389466592444035072,1468752883,268,317,0,0.0,0,0,62,0,16
0,389466592117276673,1111187954,91,29,1,0.0,0,0,85,0,16
16,389466065874329600,9890492,418062,133403,6467,0.0,0,0,129,0,142
1,389466499213447168,1126855478,5110,2634,116,0.0,0,0,76,0,38
0,389466587398672384,233687393,803,574,1,0.0,0,0,140,0,17
0,389466587196973056,196140115,1336,1251,4,0.0,0,0,134,0,18
0,389466580825821184,35828351,2074,1771,46,0.0,0,0,44,0,19
0,389466579416518656,735555660,414,356,0,0.0,0,0,122,0,19
0,389466578300846081,334838326,1520,1208,49,0.0,0,0,120,0,20
0,389466577785323520,1921261981,1,14,0,0.0,0,0,127,0,20
0,389466576627707904,212220172,1733,1329,5,0.0,0,0,19,0,20
5,389465432538619904,356165785,21477,86,73,0.0,0,0,126,0,293
0,389466574773825536,88568124,1129,445,9,0.0,0,0,138,0,20
0,389466569589260288,1941819667,1,4,0,0.0,0,0,52,0,22
1,389466417709322240,40182386,2600,532,69,0.0,0,0,131,0,58
0,389466563688275969,465772220,127,322,1,0.0,0,0,23,0,23
0,389466560790003713,1692382723,197,269,0,0.0,0,0,84,1,24
0,389466556297916417,748112408,904,927,2,0.0,0,0,43,0,25
0,389466552921505792,452668060,109,566,1,0.0,0,0,57,0,26
3,389465646561386496,35403128,87,101,1,0.0,0,0,140,0,242
0,389466547913490432,17283612,470,953,16,0.0,0,0,118,0,27
16,389466065874329600,9890492,418062,133403,6467,0.0,0,0,129,0,142
0,389466538149167105,254784437,439,561,0,0.0,0,0,43,0,29
2,389465733723607041,14112296,335245,219043,9661,0.0,0,0,109,0,221
0,389466533875183616,33749294,361,147,17,0.0,0,0,83,0,30
2,389466446696566784,553066356,3255,1009,40,0.0,0,0,140,0,51
1,389466389322694656,75137401,131948,131644,1017,0.0,0,0,87,0,65
0,389466525423665152,1927049516,6,33,0,0.0,0,0,141,0,32
0,389466520453410816,1921292329,0,0,0,0.0,0,0,131,0,33
0,389466513222025217,386058585,1122,804,9,0.0,0,0,136,0,35
0,389466511531716608,83544806,5,1,0,0.0,0,0,133,0,36
0,389466505898754049,961504614,818,818,8,0.0,0,0,91,0,37
0,389466504124567552,256350461,111,145,2,0.0,0,0,124,0,37
1,389465830335217664,707650832,1253,1494,2,0.0,0,0,88,0,198
1,389466499213447168,1126855478,5110,2634,116,0.0,0,0,76,0,38
0,389466496101261312,184908971,82,161,0,0.0,0,0,62,1,39
0,389466492087336960,615180981,16,101,0,0.0,0,0,75,1,40
2,389466446696566784,553066356,3255,1009,40,0.0,0,0,140,0,51
0,389466487376736258,1340446406,233,495,3,0.0,0,0,85,0,41
0,389466486978252800,57129976,2397,972,2,0.0,0,0,126,0,41
0,389466485568970752,478605684,2127,411,20,0.0,0,0,95,0,42
0,389466474936406017,25209765,48,76,0,0.0,0,0,112,0,44
0,389466474638626816,74295376,177,393,0,0.0,0,0,50,0,44
0,389466470029078528,42644298,199,298,3,0.0,0,0,100,0,45
0,389466468695695360,67652651,111,242,0,0.0,0,0,140,1,46
1,389466354455416832,53020165,4890,361,208,0.0,0,0,132,0,73
0,389466453919158272,710366101,107,98,0,0.0,0,0,138,0,49
0,389466453306798080,336137006,305,262,5,0.0,0,0,80,0,49
0,389466452077858816,1063015470,26,35,0,0.0,0,0,136,0,50
0,389466450437472256,1838768851,176,89,0,0.0,0,0,39,0,50
0,389466450009657344,1337812483,137,288,1,0.0,0,0,90,1,50
0,389466449561272320,19553322,1544,1282,84,0.0,0,0,74,1,50
0,389466447195295744,1898725405,7,7,0,0.0,0,0,140,0,51
2,389466446696566784,553066356,3255,1009,40,0.0,0,0,140,0,51
0,389466445555712000,464096393,297,1516,3,0.0,0,0,139,0,51
0,389466440639602688,175583991,59,152,1,0.0,0,0,37,0,52
0,389466437058056194,79698356,473,72,23,0.0,0,0,106,1,53
0,389466436285902848,43332449,794,1241,15,0.0,0,0,127,0,53
0,389466434624958464,386175831,236,2001,6,0.0,0,0,138,0,54
2,389466161521635328,19684260,3978,4131,88,0.0,0,0,117,0,119
0,389466424152178691,266459514,75,139,1,0.0,0,0,133,0,56
0,389466423241605120,292191510,376,420,2,0.0,0,0,100,0,57
0,389466422424133632,1613378180,35,103,0,0.0,0,0,139,0,57
0,389466421912010752,423548238,1178,683,31,0.0,0,0,127,0,57
0,389466421136482304,216182939,223,774,1,0.0,0,0,48,0,57
0,389466421098713088,742051123,765,773,3,0.0,0,0,135,0,57
1,389466417709322240,40182386,2600,532,69,0.0,0,0,131,0,58
0,389466415994257408,393990538,198,179,0,0.0,0,0,130,0,58
0,389466406850674688,375210074,238,326,4,0.0,0,0,108,0,61
0,389466401565442048,1957631904,0,4,0,0.0,0,0,117,0,62
0,389466395387641856,17391420,1176,403,68,0.0,0,0,52,0,63
16,389466065874329600,9890492,418062,133403,6467,0.0,0,0,129,0,142
0,389466592339562496,586162986,146,217,0,0.0,0,0,123,0,17
0,389466560345440256,263634770,245,141,0,0.0,0,0,82,0,25
0,389466558680289280,800183274,637,635,15,0.0,0,0,87,0,25
0,389466487645556736,40188264,623,174,0,0.0,0,0,119,0,42
0,389466397493194752,541086978,167,222,0,0.0,0,0,119,1,64
0,389466384935452673,311807556,2240,1663,1,0.0,0,0,96,0,67
0,389466374625841152,302329859,175,171,0,0.0,0,0,42,0,69
0,389466362466140160,292656880,628,1004,0,0.0,0,0,47,0,72
0,389466323086213120,116628885,2349,1265,104,0.0,0,0,48,0,81
0,389466313191862272,535894073,606,459,0,0.0,0,0,97,0,84
0,389466223571767296,1641586254,11,56,0,0.0,0,0,144,0,105
0,389466190629707776,1396942633,232,222,0,0.0,0,0,44,0,113
0,389466119800889344,105333171,366,557,3,0.0,0,0,72,0,130
0,389466117070024704,1694484421,3,41,0,0.0,0,0,81,0,131
0,389466020684902400,210477449,1710,707,3,0.0,0,0,93,0,154
0,389465933422796800,1316899598,59,27,0,0.0,0,0,140,0,174
0,389465898161283072,63593356,89,807,1,0.0,0,0,89,0,183
0,389465889713553408,38310726,250,85,1,0.0,0,0,127,0,185
2,389465751968841728,122743074,588,615,16,0.0,0,0,137,0,218
0,389465875373621248,1938822582,97,96,0,0.0,0,0,81,0,188
0,389465838862221312,282784704,879,740,2,0.0,0,0,91,0,197
0,389465810080522240,439584260,533,370,0,0.0,0,0,95,0,204
2,389465751968841728,122743074,588,615,16,0.0,0,0,137,0,218
0,389465704338321408,610834131,70,93,0,0.0,0,0,68,0,229
0,389465655046860800,249840174,745,703,0,0.0,0,0,57,0,241
0,389465633119014912,179286077,576,383,1,0.0,0,0,89,0,246
0,389465612545961984,323960660,224,215,1,0.0,0,0,77,1,251
0,389465600222695424,380662556,213,149,0,0.0,0,0,11,0,254
0,389465584137535488,256747352,253,99,0,0.0,0,0,86,0,258
0,389465564626038784,533760123,506,387,0,0.0,0,0,26,0,262
0,389465533613363200,1499446266,130,139,0,0.0,0,0,33,0,270
0,389465414570225664,780650382,416,1095,0,0.0,0,0,124,1,298
0,389466604821434368,36508326,704,723,1,0.0,0,0,91,0,15
0,389466601797332992,356252075,202,245,0,0.0,0,0,115,0,16
0,389466599092006912,17878863,746,915,20,0.0,0,0,105,0,17
0,389466599079415809,1511039347,150,537,1,0.0,0,0,21,0,17
1,389466003639246848,46481703,354,647,18,0.0,0,0,140,0,159
0,389466596432834561,21222076,619,84,46,0.0,0,0,59,0,17
1,389466203355217921,610952387,328,317,4,0.0,0,0,95,0,111
2,389466373287473152,272517882,579,378,0,0.0,0,0,29,0,71
0,389466593564295169,438001013,357,196,0,0.0,0,0,105,0,18
0,389466592364347392,46610164,648,429,16,0.0,0,0,50,0,18
0,389466592121081856,274647272,590,296,4,0.0,0,0,77,1,18
0,389466590980218881,529129390,535,894,1,0.0,0,0,48,1,19
0,389466590460129281,394220200,356,252,0,0.0,0,0,22,0,19
0,389466589914857472,203806918,470,231,2,0.0,0,0,42,0,19
0,389466589319667713,1403381407,82,45,0,0.0,0,0,85,0,19
1,389465576088674304,343555695,2156,1307,56,0.0,0,0,118,0,261
0,389466588052586496,1034962170,560,372,7,0.0,0,0,140,0,19
0,389466587830714370,496330339,435,259,0,0.0,0,0,19,0,19
0,389466587537108992,410457921,3081,1256,73,0.0,0,0,109,0,19
2,389466547494068224,1633631491,152,57,0,0.0,0,0,118,0,29
0,389466584202227712,214147012,9,55,0,0.0,0,0,120,0,20
0,389466583284084736,14693173,109,410,1,0.0,0,0,78,1,20
0,389466581400838144,29619600,436,428,8,0.0,0,0,140,1,21
0,389466581115219968,1030686889,15353,27,54,0.0,0,0,74,0,21
0,389466579898888192,55327512,1622,839,4,0.0,0,0,130,0,21
0,389466579252944896,1959261937,0,3,0,0.0,0,0,102,1,21
0,389466577302585345,76788192,331,167,1,0.0,0,0,100,0,22
0,389466577164570624,103719654,527,392,2,0.0,0,0,46,0,22
1,389466037869379584,18128447,4985,474,35,0.0,0,0,117,0,150
1,389465573844725761,343555695,2156,1307,56,0.0,0,0,120,0,261
0,389466573951352832,387750239,111,231,2,0.0,0,0,39,1,23
2,389466224142598144,37514942,724,376,5,0.0,0,0,123,1,106
0,389466571997216768,151509273,289,633,1,0.0,0,0,59,1,23
0,389466571850006528,498402657,235,135,0,0.0,0,0,78,0,23
8,389465744628396032,826238090,62,98,2,0.0,0,0,111,0,220
0,389466570520813568,170418991,2419,1979,36,0.0,0,0,45,0,23
0,389466568993693696,36090773,83,443,0,0.0,0,0,57,0,24
0,389466568427462656,1074801528,74,64,0,0.0,0,0,47,1,24
0,389466567412436992,252306149,367,147,0,0.0,0,0,70,1,24
8,389465744628396032,826238090,62,98,2,0.0,0,0,111,0,220
0,389466566389420033,1628748408,63,15,2,0.0,0,0,68,0,24
1,389465792552902656,580379862,187,206,0,0.0,0,0,102,1,209
0,389466566275764224,535951816,70,124,1,0.0,0,0,134,0,25
0,389466566234218496,123518064,444,70,1,0.0,0,0,83,1,25
0,389466565650812930,52629611,905,799,4,0.0,0,0,113,0,25
0,389466561226219520,257172500,984,592,47,0.0,0,0,141,0,26
0,389466560009867264,204959130,787,349,68,0.0,0,0,60,0,26
0,389466558982258688,318525245,199,337,1,0.0,0,0,49,1,26
0,389466558432837632,1628748408,63,15,2,0.0,0,0,81,0,26
0,389466557878788097,1399176745,254,265,0,0.0,0,0,74,0,27
1,389466286566043648,378710180,2398,1991,54,0.0,0,0,119,0,91
0,389466556360450048,93910940,5348,183,172,0.0,0,0,124,0,27
0,389466555672567808,1952870474,0,1,0,0.0,0,0,110,0,27
0,389466555417124864,310810782,125,183,1,0.0,0,0,80,0,27
13,389465522838204416,16116288,240820,1426,3486,0.0,0,0,135,1,273
0,389466549368942592,377409329,103,91,0,0.0,0,0,90,0,29
0,389466546860326915,1426692918,124,120,0,0.0,0,0,76,0,29
0,389466546847768576,334439971,68,233,2,0.0,0,0,95,0,29
0,389466546353229824,885441584,16,150,0,0.0,0,0,92,0,29
0,389466545946374144,46036875,559,179,3,0.0,0,0,140,0,29
0,389466545153650688,775264357,86161,0,185,0.0,0,0,85,0,30
2,389465800647524352,22606901,64961,2479,518,0.0,0,0,104,0,207
0,389466543395844096,23868206,783,560,13,0.0,0,0,38,0,30
8,389466312222572545,1049221963,11204,206,35,0.0,0,0,23,0,85
0,389466539205734400,1140375283,1572,58,33,0.0,0,0,108,0,31
1,389466327942823936,858114878,176,272,5,0.0,0,0,116,0,81
0,389466538689847297,1418216864,9431,27,5,0.0,0,0,136,0,31
0,389466538576998400,38932466,2494,1608,60,0.0,0,0,115,0,31
0,389466536492007424,467734676,581,246,0,0.0,0,0,26,0,32
0,389466536487813120,38327089,186,127,1,0.0,0,0,78,0,32
0,389466534789144576,233640974,239,184,0,0.0,0,0,58,0,32
0,389466534134820864,94835190,225,95,0,0.0,0,0,123,0,32
0,389466532922683392,1645663014,2161,171,67,0.0,0,0,122,0,32
0,389466532553965568,30410095,209,588,8,0.0,0,0,65,0,33
8,389465744628396032,826238090,62,98,2,0.0,0,0,111,0,220
0,389466528959053825,1949795834,6,111,0,0.0,0,0,95,0,33
0,389466528589942784,375261336,6,44,0,0.0,0,0,134,0,33
1,389466355273322496,180235244,64,214,0,0.0,0,0,136,0,75
0,389466526417297408,23883341,220,1421,4,0.0,0,0,110,0,34
1,389465572603215872,343555695,2156,1307,56,0.0,0,0,98,0,261
0,389466544993869824,830344987,19,40,2,0.0,0,0,87,0,30
0,389466295261200384,824310090,433,186,1,0.0,0,0,67,0,89
0,389466160292327425,25995448,261,279,6,0.0,0,0,96,0,121
0,389466041740713984,523500551,1042,1953,0,0.0,0,0,112,1,150
0,389465970097401857,382970133,271,305,0,0.0,0,0,46,0,167
0,389465796021211138,1115317800,102,96,2,0.0,0,0,23,0,208
0,389465769261932544,93949315,270,217,3,0.0,0,0,22,1,215
0,389465647660298240,1406488070,62,56,0,0.0,0,0,27,1,244
0,389465611077562368,1663858974,41,56,0,0.0,0,0,46,0,252
0,389465535425298434,555452376,779,1994,1,0.0,0,0,94,0,270
1,389466423002533888,721400802,1679,1019,1,0.0,0,0,77,1,60
0,389466607208394752,235470886,1625,471,9,0.0,0,0,73,0,16
0,389466605299961856,300004953,3003,1892,21,0.0,0,0,66,0,16
0,389466604431372288,89898365,15020,15941,191,0.0,0,0,51,0,16
0,389466604083236864,386653448,351,574,4,0.0,0,0,113,0,16
0,389466603902865408,27686824,14,31,0,0.0,0,0,81,0,17
0,389466601050763264,1393672500,1767,1957,6,0.0,0,0,79,0,17
0,389466600245837826,551166265,2236,2010,34,0.0,0,0,104,0,17
0,389466599348264960,349608829,3353,487,62,0.0,0,0,114,1,18
0,389466597208760320,84876654,31148,13845,407,0.0,0,0,136,0,18
0,389466595409424384,1945390880,0,6,0,0.0,0,0,91,0,19
0,389466595392626688,398454506,166,402,1,0.0,0,0,75,1,19
0,389466595128401920,169237770,218,109,1,0.0,0,0,116,1,19
0,389466594692186112,25559146,1097,580,0,0.0,0,0,128,1,19
0,389466592989298688,1537677120,28,84,0,0.0,0,0,78,1,19
0,389466591542263808,426936813,1615,1903,25,0.0,0,0,87,0,19
0,389466591043145728,1953356442,0,1,0,0.0,0,0,39,0,20
0,389466590569197568,1135299488,1041,2000,47,0.0,0,0,82,0,20
0,389466588136476672,378441095,406,309,1,0.0,0,0,74,0,20
0,389466587582824448,542251949,470,1294,1,0.0,0,0,37,0,20
0,389466586983043072,740135894,30,147,0,0.0,0,0,45,0,21
0,389466584571731968,156864242,135,110,2,0.0,0,0,120,1,21
0,389466584470663168,245476178,507,261,0,0.0,0,0,125,1,21
0,389466584089366528,1631255976,378,568,5,0.0,0,0,105,1,21
0,389466582831104000,18393065,2282,839,27,0.0,0,0,79,0,22
0,389466582281236480,582863597,3856,3957,9,0.0,0,0,79,0,22
0,389466580926889984,44920458,31,23,0,0.0,0,0,48,0,22
0,389466577524883456,18177627,3474,2407,82,0.0,0,0,130,0,23
0,389466576358866944,438835314,2028,1543,3,0.0,0,0,118,1,23
1,389465819383865345,70717194,10292,865,171,0.0,0,0,115,0,204
0,389466570919268352,409025449,10645,4965,92,0.0,0,0,103,0,24
0,389466570793435136,566965304,17243,14381,40,0.0,0,0,107,0,24
0,389466567601160192,362899026,369,296,0,0.0,0,0,15,0,25
0,389466566816837632,35638101,1015,984,36,0.0,0,0,139,0,25
0,389466565076205568,356962184,683,634,0,0.0,0,0,61,0,26
1,389466139207557120,194140183,2364,584,4,0.0,0,0,46,1,127
0,389466562522255360,906745363,225,445,2,0.0,0,0,53,0,26
1,389466276659068928,816016938,584,907,11,0.0,0,0,95,0,95
0,389466554531713026,1920673249,1,11,0,0.0,0,0,89,0,28
0,389466553223086081,344357403,1259,275,0,0.0,0,0,60,0,29
0,389466550241353728,81161511,350,584,12,0.0,0,0,88,0,29
0,389466548475527168,313955988,414,780,2,0.0,0,0,134,0,30
0,389466547296534528,739685797,711,475,0,0.0,0,0,42,1,30
0,389466546206429184,1146806292,154,284,0,0.0,0,0,59,1,30
0,389466543991422976,137775485,1948,1165,34,0.0,0,0,137,0,31
0,389466543592976384,711182599,1257,1367,56,0.0,0,0,90,0,31
1,389466216488009728,870250951,35495,38444,140,0.0,0,0,81,0,109
0,389466538140377088,1957657112,0,4,0,0.0,0,0,34,0,32
0,389466538035515392,68377410,104,267,1,0.0,0,0,87,0,32
0,389466535460634624,201760839,18180,11120,415,0.0,0,0,122,0,33
0,389466534231687168,470427907,648,91,41,0.0,0,0,131,1,33
0,389466533132783616,261308710,1795,1116,3,0.0,0,0,53,1,33
1,389466425842089984,32769498,6622,203,221,0.0,0,0,58,0,59
0,389466529030754304,372052988,315,297,0,0.0,0,0,60,0,34
0,389466528388640768,89897786,14165,15002,196,0.0,0,0,46,0,35
0,389466526790586368,1541487240,82,5,7,0.0,0,0,136,0,35
0,389466526165659649,14530815,32,77,6,0.0,0,0,113,0,35
0,389466524102045696,41209708,150,277,4,0.0,0,0,132,0,36
0,389466522114330624,305073570,6090,289,212,0.0,0,0,138,0,36
0,389466520977690625,499322163,82,45,0,0.0,0,0,64,0,36
0,389466518394007552,15687140,232,410,6,0.0,0,0,98,0,37
0,389466516766216192,956524849,264,296,0,0.0,0,0,30,0,37
0,389466514878763008,1943278002,0,3,0,0.0,0,0,26,0,38
0,389466513750519808,32564333,628,542,8,0.0,0,0,41,0,38
0,389466510386659328,89931757,17359,19054,187,0.0,0,0,45,0,39
0,389466509766316032,137396857,466,331,0,0.0,0,0,85,1,39
0,389466506762797056,389385052,634,761,7,0.0,0,0,49,1,40
0,389466506532114432,531134291,577,1495,2,0.0,0,0,75,0,40
0,389466505777131520,1581673232,82,101,0,0.0,0,0,27,0,40
1,389466444976500737,37018985,143,134,0,0.0,0,0,84,1,54
0,389466495358894080,733617978,1073,584,1,0.0,0,0,65,0,42
1,389465862010204160,390407907,332,180,2,0.0,0,0,74,0,193
0,389466491323969536,1167377348,15,141,0,0.0,0,0,83,0,43
0,389466491067711490,735396637,958,1081,47,0.0,0,0,74,0,43
0,389466488396341248,428595114,1331,55,5,0.0,0,0,72,0,44
0,389466485619306496,1939579087,0,8,0,0.0,0,0,126,0,45
0,389466485153755136,266780047,2209,2160,5,0.0,0,0,80,1,45
0,389466481877995520,14676138,706,881,12,0.0,0,0,89,0,46
0,389466480485478400,22756081,14696,16167,91,0.0,0,0,81,0,46
0,389466479617249280,41261947,95,86,0,0.0,0,0,71,0,46
0,389466476476116992,204970836,1303,2000,7,0.0,0,0,66,0,47
0,389466474688958466,18622086,932,961,17,0.0,0,0,124,0,47
0,389466473728864257,37962859,214,220,2,0.0,0,0,139,0,48
0,389466473485176832,550306876,135,143,0,0.0,0,0,137,0,48
0,389466472936140800,1172963294,165,525,6,0.0,0,0,87,0,48
0,389466472713838592,1911232394,11,74,0,0.0,0,0,97,1,48
0,389466612501200897,160348847,2256,2152,39,0.0,0,0,107,1,14
0,389466612316643328,25956294,530,1510,8,0.0,0,0,101,0,15
0,389466603386986496,316404414,2309,1824,51,0.0,0,0,139,0,17
0,389466598769442818,21879871,234,327,4,0.0,0,0,139,0,18
0,389466593303867392,16248357,5410,5233,258,0.0,0,0,88,0,19
1,389466391117438976,754135908,7114,7387,123,0.0,0,0,133,0,67
4,389466069997346816,409456907,51369,758,861,0.0,0,0,100,0,144
1,389466543148388352,22066415,13038,13318,531,0.0,0,0,134,0,31
0,389466542468907008,1668664320,155,326,0,0.0,0,0,74,0,31
3,389465896630366208,21707592,84457,79763,2405,0.0,0,0,110,0,185
0,389466515897982976,68486911,4471,4883,152,0.0,0,0,134,1,38
0,389466510022160384,87502290,180,66,3,0.0,0,0,96,0,39
0,389466466568777728,1553551351,170,498,2,0.0,0,0,116,0,49
0,389466452261998592,35037854,599,2000,9,0.0,0,0,117,0,53
0,389466446675197952,1600399430,43,111,1,0.0,0,0,90,0,54
7,389465561027313664,17243582,71337,3128,3416,0.0,0,0,80,0,265
0,389466411586043904,194091077,15,37,0,0.0,0,0,70,1,62
0,389466400810467328,630717039,4920,5391,84,0.0,0,0,133,0,65
1,389466391117438976,754135908,7114,7387,123,0.0,0,0,133,0,67
0,389466373211947008,76106982,394,1995,7,0.0,0,0,136,0,72
1,389466306811932672,483429828,1160,1869,19,0.0,0,0,126,0,87
1,389466205469163520,21966085,1046,956,37,0.0,0,0,138,0,112
4,389466069997346816,409456907,51369,758,861,0.0,0,0,100,0,144
0,389466333680635904,1553750906,140,206,6,0.0,0,0,104,0,81
0,389466331487412224,364973965,484,1115,10,0.0,0,0,44,0,81
1,389466306811932672,483429828,1160,1869,19,0.0,0,0,126,0,87
4,389466069997346816,409456907,51369,758,861,0.0,0,0,100,0,144
0,389466298154901504,861388620,1649,1946,40,0.0,0,0,99,0,89
4,389466069997346816,409456907,51369,758,861,0.0,0,0,100,0,144
0,389466257046532096,821552,693,385,113,0.0,0,0,138,1,99
4,389465601325805568,77231473,14621,12226,341,0.0,0,0,139,0,256
0,389466246905102336,898533348,3463,3464,89,0.0,0,0,107,1,102
1,389466132622491648,397472545,3195,3399,43,0.0,0,0,112,0,129
0,389466231121539072,138539808,333,99,7,0.0,0,0,139,0,105
0,389466223664054272,251305431,113,331,2,0.0,0,0,89,0,107
3,389465896630366208,21707592,84457,79763,2405,0.0,0,0,110,0,185
0,389466208640040960,17428378,8567,9127,120,0.0,0,0,127,0,111
0,389466207650213888,616275764,4808,3958,70,0.0,0,0,124,0,111
1,389466205469163520,21966085,1046,956,37,0.0,0,0,138,0,112
4,389465601325805568,77231473,14621,12226,341,0.0,0,0,139,0,256
4,389465601325805568,77231473,14621,12226,341,0.0,0,0,139,0,256
4,389465601325805568,77231473,14621,12226,341,0.0,0,0,139,0,256
0,389466197013430272,101810576,2189,1963,155,0.0,0,0,129,0,114
3,389465896630366208,21707592,84457,79763,2405,0.0,0,0,110,0,185
0,389466184284123136,67169191,1235,1334,23,0.0,0,0,120,0,117
0,389466168550907904,716813053,63,69,0,0.0,0,0,108,1,120
0,389466160007110657,12811282,2504,890,153,0.0,0,0,130,0,122
1,389466071998013440,26528766,2272,292,61,0.0,0,0,131,0,143
0,389466136250949632,59588145,453,673,18,0.0,0,0,130,1,128
1,389466132622491648,397472545,3195,3399,43,0.0,0,0,112,0,129
7,389465561027313664,17243582,71337,3128,3416,0.0,0,0,80,0,265
0,389466119112650753,974774179,1239,1998,8,0.0,0,0,123,0,132
0,389466095473950720,22064255,80,293,0,0.0,0,0,77,0,138
0,389466077379301376,199363233,23,58,0,0.0,0,0,144,1,142
1,389466071998013440,26528766,2272,292,61,0.0,0,0,131,0,143
4,389466069997346816,409456907,51369,758,861,0.0,0,0,100,0,144
0,389466065903697920,1584578029,660,1971,3,0.0,0,0,130,1,145
2,389465799112413185,28657802,56164,172,2983,0.0,0,0,122,0,208
0,389466056797855745,1581765229,2,45,0,0.0,0,0,97,1,147
0,389466603386986496,316404414,2309,1824,51,0.0,0,0,139,0,18
0,389466594813812736,386444922,451,1493,8,0.0,0,0,120,0,20
0,389466568897208320,891657986,13,182,2,0.0,0,0,100,1,26
0,389466566661660672,21345227,1565,1795,36,0.0,0,0,136,0,26
1,389466560886497280,959596692,14241,15468,332,0.0,0,0,138,0,28
0,389466542468907008,1668664320,155,326,0,0.0,0,0,74,0,32
3,389466357588164608,126560940,839,1784,5,0.0,0,0,139,0,76
0,389466512769048576,204355964,923,1394,7,0.0,0,0,99,1,39
0,389466503273517056,61897213,16184,17322,318,0.0,0,0,138,0,42
0,389466500160946176,187173865,300,220,1,0.0,0,0,136,0,42
0,389466498571304960,187173865,300,220,1,0.0,0,0,136,0,43
0,389466491302604800,17176889,1748,370,161,0.0,0,0,111,0,44
0,389466470574329856,173835301,2299,2150,162,0.0,0,0,100,0,49
1,389466285630709760,12648862,2173,798,42,0.0,0,0,109,0,93
0,389466395651895296,460342171,105,77,0,0.0,0,0,143,1,67
1,389466306811932672,483429828,1160,1869,19,0.0,0,0,126,0,88
0,389466364085161984,1868699071,4,44,0,0.0,0,0,125,0,75
3,389466357588164608,126560940,839,1784,5,0.0,0,0,139,0,76
0,389466346494259200,22445056,172,123,0,0.0,0,0,69,0,79
5,389465483872710656,1220118984,599,742,10,0.0,0,0,136,0,285
1,389466306811932672,483429828,1160,1869,19,0.0,0,0,126,0,88
1,389466285630709760,12648862,2173,798,42,0.0,0,0,109,0,93
1,389466132622491648,397472545,3195,3399,43,0.0,0,0,112,0,130
0,389466230534324224,39755667,16334,16180,527,0.0,0,0,111,0,107
0,389466223076851713,1318391,1122,933,19,0.0,0,0,109,0,108
1,389465863956344834,543482046,42,79,1,0.0,0,0,137,0,194
0,389466183549714432,188550805,3789,3663,128,0.0,0,0,92,1,118
0,389466172841672704,119323247,2004,1957,59,0.0,0,0,130,0,120
0,389466132819628032,522414698,131,9,1,0.0,0,0,106,0,130
1,389466132622491648,397472545,3195,3399,43,0.0,0,0,112,0,130
5,389465483872710656,1220118984,599,742,10,0.0,0,0,136,0,285
0,389466119112650753,974774179,1239,1998,8,0.0,0,0,123,0,133
0,389466116453457920,348102823,364,458,8,0.0,0,0,140,1,134
0,389466107972579328,285774658,173,94,6,0.0,0,0,84,0,136
0,389466100166959104,25690056,1884,2056,24,0.0,0,0,121,1,138
0,389466096362733568,126560940,839,1784,5,0.0,0,0,134,1,139
5,389465483872710656,1220118984,599,742,10,0.0,0,0,136,0,285
0,389466084333481984,272187450,5982,5554,65,0.0,0,0,136,0,141
0,389466073528946688,1731317534,40,206,1,0.0,0,0,136,0,144
0,389466067854053376,1051813891,5,5,0,0.0,0,0,93,0,145
0,389466063915589632,93965443,1325,1995,39,0.0,0,0,136,0,146
0,389466058475573248,234148489,1212,1901,31,0.0,0,0,118,0,148
0,389466016192790528,160292960,256,399,4,0.0,0,0,105,0,158
5,389465483872710656,1220118984,599,742,10,0.0,0,0,136,0,285
0,389466002515193856,39755667,16334,16180,527,0.0,0,0,136,0,161
0,389465967878610944,539563361,1053,1003,5,0.0,0,0,127,0,169
5,389465483872710656,1220118984,599,742,10,0.0,0,0,136,0,285
0,389465938614951936,17968063,88,174,7,0.0,0,0,128,0,176
0,389465921305063424,580761076,377,457,9,0.0,0,0,139,1,180
1,389465863956344834,543482046,42,79,1,0.0,0,0,137,0,194
0,389465803176681472,584508110,1456,1349,10,0.0,0,0,136,0,208
0,389465803029876736,30096408,5335,5065,170,0.0,0,0,136,0,208
0,389465778237349888,204355964,923,1394,7,0.0,0,0,105,1,214
0,389465760428720128,125195488,66,232,2,0.0,0,0,140,1,219
0,389465707819200512,995736774,918,1006,0,0.0,0,0,74,1,231
0,389465694204469249,1463939642,110,11,7,0.0,0,0,70,0,234
0,389465663330201600,63804234,19199,17191,369,0.0,0,0,136,0,242
0,389465661539643394,789861342,1785,2001,23,0.0,0,0,144,1,242
0,389465617461690368,71897004,21927,22591,365,0.0,0,0,117,0,253
0,389465581906173953,995736774,918,1006,0,0.0,0,0,72,1,261
0,389465545671598081,19255872,784,1056,21,0.0,0,0,138,0,270
0,389466617975173121,335510756,288,208,0,0.0,0,0,109,1,14
3,389466544373518337,200810888,53295,1011,306,0.0,0,0,108,0,32
2,389466320451801089,553784907,998,417,1,0.0,0,0,13,0,85
0,389466617249542144,449395339,19603,6679,12,0.0,0,0,108,0,14
0,389466617048215552,1334295738,30,98,0,0.0,0,0,102,0,14
0,389466617002074112,234822932,3958,2186,53,0.0,0,0,140,0,14
0,389466616276074496,499017057,154,273,0,0.0,0,0,37,0,15
0,389466615580217344,234822932,3958,2186,53,0.0,0,0,140,0,15
1,389466545933410304,1529883554,475,392,0,0.0,0,0,95,1,31
0,389466615118852096,20153273,324,420,8,0.0,0,0,63,1,15
0,389466614279995392,463443068,1313,1498,1,0.0,0,0,59,0,15
0,389466614162542594,234822932,3958,2186,53,0.0,0,0,140,0,15
0,389466613764096000,257619509,986,687,2,0.0,0,0,96,1,15
0,389466613525020674,852494886,134,201,0,0.0,0,0,114,0,15
0,389466613239390208,34775317,106,96,1,0.0,0,0,60,0,15
0,389466612874878976,88535066,409,286,0,0.0,0,0,126,0,15
0,389466612736466944,234822932,3958,2186,53,0.0,0,0,140,0,15
0,389466612342198272,194792466,794,1422,9,0.0,0,0,49,1,16
0,389466611926577152,378158648,277,265,0,0.0,0,0,43,0,16
0,389466611805335552,1345439658,776,1679,0,0.0,0,0,132,0,16
0,389466611486564352,486075738,589,793,1,0.0,0,0,71,0,16
0,389466611444244480,353128438,1783,372,30,0.0,0,0,82,1,16
0,389466611360362496,717032695,295,280,0,0.0,0,0,76,0,16
0,389466611289427969,719035549,274,250,1,0.0,0,0,125,0,16
0,389466611192963072,234822932,3958,2186,53,0.0,0,0,140,0,16
0,389466611021021185,632549051,144,149,1,0.0,0,0,41,0,16
0,389466609753919488,236241931,198,196,0,0.0,0,0,73,0,16
0,389466608458285057,234822932,3958,2186,53,0.0,0,0,140,0,16
1,389466451712561153,737864432,262,241,0,0.0,0,0,28,0,54
0,389466606989885440,1646233520,1653,407,10,0.0,0,0,118,1,17
2,389466606981894144,400770714,1939602,120,2220,0.0,0,0,61,0,17
0,389466606956707840,234822932,3958,2186,53,0.0,0,0,140,0,17
0,389466606830891010,461430034,327,500,0,0.0,0,0,89,0,17
0,389466605521891328,134582361,1081,1904,45,0.0,0,0,68,1,17
0,389466605375475712,15592792,54180,682,1096,0.0,0,0,93,0,17
0,389466605287395328,317249390,161,152,0,0.0,0,0,74,0,17
0,389466604993773568,234822932,3958,2186,53,0.0,0,0,140,0,17
0,389466604985393153,346935941,134,219,0,0.0,0,0,75,0,17
0,389466603525783552,234822932,3958,2186,53,0.0,0,0,140,0,18
3,389466544373518337,200810888,53295,1011,306,0.0,0,0,108,0,32
0,389466602648772608,1526863530,79,104,0,0.0,0,0,26,1,18
0,389466602624024576,711527902,2,7,0,0.0,0,0,131,0,18
0,389466602259095553,587956159,15,56,0,0.0,0,0,50,1,18
0,389466601721843712,792768558,9758,7846,10,0.0,0,0,130,0,18
0,389466601646743553,119631791,41,35,0,0.0,0,0,140,0,18
0,389466600690442241,234822932,3958,2186,53,0.0,0,0,140,0,18
0,389466600501673984,1673738107,413,1438,0,0.0,0,0,133,0,18
1,389466238851637249,266780047,2209,2160,5,0.0,0,0,78,0,105
0,389466599084011520,101204662,338,338,13,0.0,0,0,64,1,19
0,389466598886871040,234822932,3958,2186,53,0.0,0,0,140,0,19
0,389466598475833344,547617869,132,114,0,0.0,0,0,53,0,19
0,389466597959933952,422074481,454,149,0,0.0,0,0,52,0,19
0,389466597900812288,480084873,44,48,0,0.0,0,0,109,1,19
0,389466597385314304,255860492,855,931,3,0.0,0,0,81,0,19
0,389466597003653120,234822932,3958,2186,53,0.0,0,0,140,0,19
0,389466596353540096,324316729,10250,2816,929,0.0,0,0,87,0,19
0,389466596340539393,372673221,422,325,0,0.0,0,0,72,0,19
0,389466595992420352,43837789,593,541,1,0.0,0,0,133,1,19
0,389466595791482880,332308614,92,268,0,0.0,0,0,88,0,19
0,389466595640496128,1609281038,68,134,0,0.0,0,0,68,0,19
0,389466595531440128,1880619343,28,64,0,0.0,0,0,90,0,20
0,389466595242045440,625446660,500,149,1,0.0,0,0,20,0,20
0,389466595078451200,721925580,1449,1992,3,0.0,0,0,52,1,20
0,389466594755112960,176549616,529,294,4,0.0,0,0,95,0,20
0,389466594487042049,1093811042,3950,3865,2,0.0,0,0,136,0,20
0,389466594407370753,355745804,615,368,0,0.0,0,0,124,0,20
0,389466592435650560,401427687,335,256,0,0.0,0,0,23,0,20
0,389466592289234944,302313839,976,285,1,0.0,0,0,32,1,20
0,389466592096296960,1931149981,43,117,0,0.0,0,0,43,0,20
0,389466591836262400,252718047,206,263,0,0.0,0,0,148,0,20
0,389466591462948864,91712521,840,748,1,0.0,0,0,42,0,20
0,389466590833414144,364672393,649,204,0,0.0,0,0,39,0,21
0,389466590267183105,1042084741,1624,1604,0,0.0,0,0,88,0,21
0,389466589700947969,161360011,600,588,7,0.0,0,0,107,1,21
0,389466587801341952,833719806,298,214,13,0.0,0,0,54,0,21
0,389466587595419648,70907597,344,121,3,0.0,0,0,48,0,21
0,389466586488111104,129273572,39222,1757,2385,0.0,0,0,33,0,22
0,389466586031345664,343950211,412,322,1,0.0,0,0,83,0,22
0,389466585771286528,156065941,36,324,0,0.0,0,0,88,0,22
13,389465821648809985,45577446,191628,571,7532,0.0,0,0,97,0,204
1,389466249996292096,227271392,889,697,7,0.0,0,0,129,0,102
0,389466584353230848,1925421402,315,1330,0,0.0,0,0,90,1,22
0,389466583774810112,1120008506,50,47,0,0.0,0,0,78,0,22
0,389466581891182592,451304694,77,61,0,0.0,0,0,48,0,23
0,389466581786689536,384163602,132,186,0,0.0,0,0,45,0,23
0,389466581753151489,1335221557,87,180,0,0.0,0,0,117,0,23
0,389466581526265856,382385180,1233,490,9,0.0,0,0,46,0,23
0,389466581442789377,887977494,229,223,0,0.0,0,0,53,0,23
0,389466580813234176,29317431,617,141,4,0.0,0,0,62,0,23
0,389466580176080897,184881404,33,23,1,0.0,0,0,90,0,23
0,389466579848941568,264975443,324,231,0,0.0,0,0,138,0,23
0,389466579252944898,525713836,95,62,0,0.0,0,0,57,0,23
0,389466616498753537,287703312,341,332,2,0.0,0,0,104,1,16
0,389466609259384832,15858043,705,182,42,0.0,0,0,88,0,17
0,389466603890700288,587051088,4187,918,34,0.0,0,0,46,0,19
0,389466601646743553,119631791,41,35,0,0.0,0,0,140,0,19
0,389466598802599936,1007237534,2613,2319,4,0.0,0,0,28,0,20
0,389466590938279936,549967845,8002,8061,12,0.0,0,0,142,0,22
0,389466588262699009,34077567,418,40,1,0.0,0,0,57,0,22
1,389466584697565185,1890828139,339,337,1,0.0,0,0,78,1,23
0,389466584692948992,624016638,31,130,0,0.0,0,0,93,0,23
0,389466565785038848,199518175,185,165,5,0.0,0,0,57,0,28
0,389466555148279808,1564154389,112,125,0,0.0,0,0,56,0,30
0,389466549662519296,587051088,4187,918,34,0.0,0,0,40,0,31
0,389466549519536128,970627590,171,149,0,0.0,0,0,90,1,31
0,389466549339160576,1897692846,66,1108,3,0.0,0,0,86,0,32
1,389466535095324672,612148165,688,487,1,0.0,0,0,16,0,35
0,389466528477093888,181675420,142,203,0,0.0,0,0,60,0,37
0,389466527218802688,453975210,23,23,0,0.0,0,0,131,0,37
0,389466518834008065,190834028,135,136,0,0.0,0,0,54,0,39
0,389466516556898304,453975210,23,23,0,0.0,0,0,122,0,39
0,389466515184959489,1032254155,214,99,0,0.0,0,0,76,0,40
0,389466511347560448,1332091092,163,151,0,0.0,0,0,79,0,41
0,389466510449573888,75746828,39,53,0,0.0,0,0,25,1,41
0,389466498441703424,126446557,117,216,0,0.0,0,0,53,0,44
0,389466495635714048,94242834,375,362,22,0.0,0,0,59,0,44
0,389466481119232000,1061844882,44,194,0,0.0,0,0,73,1,48
0,389466479478861824,56768610,358,408,7,0.0,0,0,126,0,48
0,389466476786483201,1077890174,176,277,4,0.0,0,0,50,1,49
0,389466476656087040,1856153323,34,67,0,0.0,0,0,12,0,49
0,389466472982269952,602156178,625,1229,0,0.0,0,0,131,1,50
1,389466472059527168,267878250,124,168,4,0.0,0,0,28,0,50
0,389466471090618368,1002468030,1436,164,20,0.0,0,0,86,0,50
0,389466466572972032,32156087,781,816,11,0.0,0,0,138,0,51
0,389466460600274944,54845804,1082,2000,2,0.0,0,0,70,1,53
0,389466458302197760,1272119676,183,310,0,0.0,0,0,33,0,53
0,389466453885616128,431939022,47,54,0,0.0,0,0,63,0,54
0,389466445047820288,710441812,11,21,0,0.0,0,0,81,0,56
0,389466432939257856,266430175,696,817,4,0.0,0,0,130,0,59
0,389466431126908929,339310351,123,221,0,0.0,0,0,112,1,60
0,389466424084660224,468669186,72,162,0,0.0,0,0,85,0,61
0,389466409677238272,225259172,597,552,0,0.0,0,0,38,0,65
0,389466407379161088,478027268,81,178,0,0.0,0,0,47,0,65
1,389466311962542080,416144159,377,214,1,0.0,0,0,24,0,88
0,389466396540665857,476164824,113,282,2,0.0,0,0,97,0,68
1,389465472938168320,274136123,1293,369,28,0.0,0,0,132,0,288
0,389466372218302464,107538558,89,61,0,0.0,0,0,85,0,74
0,389466371727589376,71635690,80,206,0,0.0,0,0,84,0,74
0,389466358070517760,1959102289,13,33,0,0.0,0,0,81,1,77
0,389466353121230848,553758033,128,117,0,0.0,0,0,136,0,78
0,389466352383442945,712312719,11,26,0,0.0,0,0,42,0,78
0,389466346074800128,30504452,428,374,2,0.0,0,0,49,0,80
0,389466344514928640,611732041,603,429,3,0.0,0,0,102,1,80
0,389466336448888832,101562927,219,289,2,0.0,0,0,66,0,82
0,389466332950839296,8942382,1828,1130,154,0.0,0,0,132,0,83
0,389466328320311296,525587854,424,338,0,0.0,0,0,58,0,84
0,389466326718091264,1173779082,98,510,1,0.0,0,0,67,0,85
0,389466323165937664,48705816,4440,190,64,0.0,0,0,105,0,85
1,389466311962542080,416144159,377,214,1,0.0,0,0,24,0,88
1,389466178675949568,963360372,371,499,0,0.0,0,0,65,1,120
0,389466307583692800,126084161,270,198,1,0.0,0,0,83,0,89
0,389466302030442496,936005954,105,251,3,0.0,0,0,114,0,91
0,389466298297905152,1733195893,544,1162,0,0.0,0,0,98,1,91
0,389466297211580417,554142675,215,269,0,0.0,0,0,62,0,92
0,389466292920786944,38703483,3639,3937,13,0.0,0,0,78,1,93
0,389466291863838720,169358753,401,201,3,0.0,0,0,78,0,93
0,389466289606914048,1942728631,0,5,0,0.0,0,0,68,0,93
0,389466288650997760,70811731,789,1825,0,0.0,0,0,88,0,94
0,389466285446561792,35078981,762,1227,68,0.0,0,0,80,0,94
0,389466260146094080,251154128,299,442,8,0.0,0,0,78,0,100
0,389466254328602624,62498229,33,135,0,0.0,0,0,90,0,102
0,389466247219253248,384974203,69,89,0,0.0,0,0,47,0,104
0,389466245860691968,426026918,231,177,0,0.0,0,0,51,1,104
0,389466241586298880,1721343547,80,113,0,0.0,0,0,121,0,105
0,389466226654969856,23989035,53,71,1,0.0,0,0,56,0,108
0,389466221608853504,417037690,193,426,6,0.0,0,0,76,1,110
0,389466220229304320,1681399297,76,142,1,0.0,0,0,12,0,110
0,389466201069330432,1257897422,58,152,2,0.0,0,0,48,0,115
1,389465426352013312,1328174892,2129,2259,46,0.0,0,0,132,0,299
0,389466189250199552,1462693651,142,232,0,0.0,0,0,48,1,117
0,389466179368386560,363246754,330,181,2,0.0,0,0,87,0,120
1,389466178675949568,963360372,371,499,0,0.0,0,0,65,1,120
0,389466176352296960,78687364,1020,355,30,0.0,0,0,85,0,120
0,389466176029347840,1898835739,15,125,0,0.0,0,0,140,0,121
0,389466169817571329,37072846,3650,773,139,0.0,0,0,98,0,122
0,389466166923517952,22335845,11,147,0,0.0,0,0,106,0,123
1,389466007665770496,18014005,6644,483,415,0.0,0,0,137,1,161
1,389465971037323264,1071632888,345,84,16,0.0,0,0,60,0,169
0,389466160229801985,623177007,297,191,0,0.0,0,0,19,0,124
0,389466143221882880,227047069,892,616,0,0.0,0,0,52,0,128
0,389466583279493120,1727006424,983,1064,2,0.0,0,0,128,0,23
0,389466571682635777,919664486,112,9,11,0.0,0,0,141,0,26
0,389466514732359682,61070502,140,286,3,0.0,0,0,95,0,40
0,389466508860358656,542507508,2178,131,42,0.0,0,0,58,0,41
0,389466336834756609,301130065,907,2000,0,0.0,0,0,139,0,82
1,389465691079704576,74576505,50,219,0,0.0,0,0,119,0,236
1,389465655633666049,354197758,9,96,0,0.0,0,0,120,0,245
0,389466207977762816,801045769,303,119,1,0.0,0,0,89,0,113
0,389466140717510656,1112567294,4,36,0,0.0,0,0,76,0,129
0,389466133524262912,121517897,48,153,2,0.0,0,0,140,0,131
0,389465989617680384,550802526,134,459,10,0.0,0,0,76,0,165
0,389465967975464962,1869090745,5,60,0,0.0,0,0,90,1,170
0,389465940544335872,104850306,1014,0,12,0.0,0,0,110,0,177
0,389465910961905665,202048235,447,0,13,0.0,0,0,132,0,184
0,389465845081980928,109647217,6961,9,381,0.0,0,0,85,0,199
0,389465813855797248,121342056,540,530,2,0.0,0,0,139,0,207
0,389465808406970369,1935669205,19,36,0,0.0,0,0,52,1,208
0,389465759073595392,8108922,788,322,17,0.0,0,0,136,0,220
0,389466620315201536,178539845,204,199,0,0.0,0,0,63,0,16
0,389466605702635520,445746540,820,483,3,0.0,0,0,121,0,19
0,389466604977020928,1394883870,51,35,1,0.0,0,0,59,0,19
1,389465833719603200,1952637158,54,279,0,0.0,0,0,106,0,203
0,389466599880544256,284258772,425,303,0,0.0,0,0,27,0,20
1,389466443747569664,305136043,111,540,0,0.0,0,0,66,1,58
0,389466586605563904,434325033,2336,2139,23,0.0,0,0,139,0,24
0,389466585489874944,404670731,672,50,17,0.0,0,0,95,0,24
0,389466583573495808,128484064,80,163,0,0.0,0,0,140,0,24
0,389466581627322368,374161420,68,477,0,0.0,0,0,72,1,25
0,389466566275764224,535951816,70,124,1,0.0,0,0,134,0,29
0,389466558743216128,64188561,139,103,0,0.0,0,0,135,0,30
0,389466554452430848,167126749,798,0,42,0.0,0,0,84,0,31
0,389466553483153408,162536358,10,94,0,0.0,0,0,51,0,32
0,389466551830974464,343599607,2392,1621,6,0.0,0,0,48,0,32
0,389466541705953280,211687612,1798,768,76,0.0,0,0,139,1,34
0,389466540006834176,372910906,1314,1248,25,0.0,0,0,135,1,35
0,389466538363064321,1699843177,1464,2000,1,0.0,0,0,14,0,35
0,389466535409876992,490620721,2594,2853,0,0.0,0,0,80,0,36
1,389466184493453312,1206269480,938,159,6,0.0,0,0,127,1,120
0,389466517659590656,21323092,24406,16207,249,0.0,0,0,134,0,40
0,389466508394762240,21323092,24406,16207,249,0.0,0,0,134,0,42
0,389466506826088448,487410181,681,526,0,0.0,0,0,129,0,43
0,389466500215898112,1639474327,48,130,0,0.0,0,0,66,0,44
1,389465521441476608,170718039,161,240,1,0.0,0,0,111,0,278
0,389466486345322496,1323703182,309,57,0,0.0,0,0,92,0,48
1,389465767730610176,249849363,208,49,19,0.0,0,0,81,0,219
0,389466481807093760,337207481,302,594,0,0.0,0,0,62,0,49
0,389466471652274176,262814209,152,592,0,0.0,0,0,46,0,51
0,389466455781421057,99124898,650,501,2,0.0,0,0,135,1,55
0,389466450647597056,1166668674,2900,3230,5,0.0,0,0,101,0,56
1,389466443747569664,305136043,111,540,0,0.0,0,0,66,1,58
0,389466441885286400,404375832,5526,6032,19,0.0,0,0,90,0,58
0,389466441831161856,59012366,409,422,1,0.0,0,0,107,0,58
0,389466428958867456,776348845,162,158,0,0.0,0,0,45,0,61
0,389466415432232960,50736583,4,6,0,0.0,0,0,114,0,64
0,389466409090043904,78151676,1071,687,21,0.0,0,0,74,0,66
0,389466399875559424,20436443,4323,497,225,0.0,0,0,128,0,68
0,389466388672163840,1957628623,1,8,0,0.0,0,0,90,0,71
0,389466376886575105,423250525,12575,360,166,0.0,0,0,83,0,74
0,389466373790777344,399377066,34,75,0,0.0,0,0,89,0,74
0,389466360574902272,185403656,13,50,0,0.0,0,0,54,1,78
0,389466308875919360,367065118,1104,1548,24,0.0,0,0,115,0,90
1,389465975089012736,565103337,142,213,7,0.0,0,0,62,1,169
0,389466294749126656,84546784,89,68,1,0.0,0,0,114,0,93
0,389466286998450176,46738868,182,336,1,0.0,0,0,59,0,95
0,389466276210282497,22841016,684,310,14,0.0,0,0,140,0,98
0,389466275971616768,1100953866,30,8,1,0.0,0,0,77,0,98
0,389466263346348033,35898266,34,60,2,0.0,0,0,109,0,101
1,389466255083962368,108118278,454,249,3,0.0,0,0,140,1,103
0,389466243868016641,1952637158,54,279,0,0.0,0,0,128,0,105
0,389466225849270272,314725843,653,98,0,0.0,0,0,21,0,110
0,389466221026213888,777026798,8339,8765,56,0.0,0,0,140,0,111
0,389466219981844480,147790413,378,244,3,0.0,0,0,35,1,111
0,389466216365953025,19174608,108,120,4,0.0,0,0,33,0,112
0,389466212045832192,1039731913,306,613,0,0.0,0,0,77,0,113
0,389466209890357248,34797156,195,230,12,0.0,0,0,131,0,113
0,389466199504875520,314725843,653,98,0,0.0,0,0,45,0,116
0,389466197777207296,557833525,149,168,0,0.0,0,0,112,0,116
0,389466197210976256,17016722,660,252,23,0.0,0,0,73,1,116
1,389466184493453312,1206269480,938,159,6,0.0,0,0,127,1,120
0,389466183218388993,1523867040,39,64,0,0.0,0,0,126,1,120
1,389466060665409536,30133374,5018,343,35,0.0,0,0,120,0,149
0,389466179229589505,1238500268,0,0,0,0.0,0,0,125,0,121
0,389466165770072065,373867306,7557,133,14,0.0,0,0,64,0,124
0,389466160653025280,895979744,30,62,0,0.0,0,0,131,1,125
0,389466152403226625,1682195754,55,83,0,0.0,0,0,21,0,127
0,389466140348391424,806164513,74,218,0,0.0,0,0,15,0,130
0,389466623309918208,1549857858,126,266,0,0.0,0,0,31,0,15
0,389466614766137344,1692754944,219,281,0,0.0,0,0,46,0,17
0,389466600044122112,1097133985,133,154,0,0.0,0,0,57,0,20
0,389466595690414081,591166408,1110,1819,34,0.0,0,0,140,0,21
0,389466591228067840,1381512793,46,33,2,0.0,0,0,86,0,23
0,389466579752464384,709800776,1574,767,2,0.0,0,0,83,0,25
0,389466560810602496,116448594,236,113,4,0.0,0,0,90,0,30
0,389466559615229952,491541134,0,0,0,0.0,0,0,80,0,30
0,389466555958185984,58896294,2038,368,12,0.0,0,0,78,0,31
0,389466552187494401,990955170,2,106,0,0.0,0,0,121,1,32
0,389466537217646592,1705081483,87,87,1,0.0,0,0,94,0,35
0,389466536076791808,114569019,256,234,11,0.0,0,0,121,1,36
0,389466535963541505,1692754944,219,281,0,0.0,0,0,22,0,36
0,389466530338983937,405909513,847,978,18,0.0,0,0,137,0,37
0,389466513238810625,545014005,334,307,1,0.0,0,0,65,0,41
0,389466507404902402,617165121,530,75,4,0.0,0,0,111,0,43
0,389466504347287552,112302765,153,1040,0,0.0,0,0,120,0,43
0,389466498810400768,134661793,179,129,1,0.0,0,0,95,0,45
0,389466492036591616,601769167,29,21,0,0.0,0,0,25,0,46
1,389466267700060160,880431139,213,116,0,0.0,0,0,96,0,100
0,389466487183798272,1690024182,69,65,1,0.0,0,0,141,0,47
0,389466482645942272,237797759,308,780,0,0.0,0,0,49,1,48
0,389466475733336064,200574157,6,23,0,0.0,0,0,78,0,50
1,389465540437090305,212370103,503,117,11,0.0,0,0,104,0,273
0,389466460059205632,72943129,153,252,4,0.0,0,0,140,0,54
1,389466152508076032,1149793760,5600,5186,65,0.0,0,0,124,0,127
0,389466448621764608,205048931,83,137,1,0.0,0,0,43,1,57
0,389466432745914368,184151464,86,286,1,0.0,0,0,139,0,60
0,389466426157060096,41483475,297,570,10,0.0,0,0,130,0,62
0,389466423778897920,218814041,735,981,10,0.0,0,0,109,0,62
0,389466420775383040,1909372040,56,45,0,0.0,0,0,17,0,63
0,389466409152954368,20953313,119,127,3,0.0,0,0,130,0,66
0,389466394846171136,764466546,275,225,0,0.0,0,0,102,0,69
2,389466116252528641,17136795,32416,34380,782,0.0,0,0,140,0,136
0,389466371848802304,600569092,62,50,0,0.0,0,0,75,1,75
2,389466116252528641,17136795,32416,34380,782,0.0,0,0,140,0,136
0,389466323949862912,520524028,12,10,0,0.0,0,0,28,1,86
0,389466323312324608,946649587,110,7,3,0.0,0,0,66,0,86
0,389466277711847424,1692754944,219,281,0,0.0,0,0,55,0,97
0,389466269868503040,1683280640,100,75,0,0.0,0,0,137,1,99
0,389466268945752064,1732628550,3,22,0,0.0,0,0,77,0,99
1,389466267700060160,880431139,213,116,0,0.0,0,0,96,0,100
0,389466266508861440,492586723,116,124,0,0.0,0,0,27,1,100
0,389466250558328832,46923035,478,281,30,0.0,0,0,35,0,104
0,389466216189796352,144561529,380,858,2,0.0,0,0,53,1,112
0,389466191288627200,5727132,1334,908,101,0.0,0,0,96,0,118
0,389466190592352256,17102948,1447,664,31,0.0,0,0,104,0,118
0,389466169935007746,206522478,2640,2661,62,0.0,0,0,143,0,123
0,389466168098304000,379982517,24234,23453,127,0.0,0,0,98,0,123
0,389466161731346432,637283149,156,130,0,0.0,0,0,105,0,125
0,389466157083676672,504605294,797,811,0,0.0,0,0,78,0,126
0,389466152608337920,189646393,48,92,2,0.0,0,0,131,0,127
1,389466152508076032,1149793760,5600,5186,65,0.0,0,0,124,0,127
0,389466132563779584,1314955688,1103,890,0,0.0,0,0,75,0,132
0,389466128982212608,607734758,51,64,0,0.0,0,0,136,0,133
2,389466116252528641,17136795,32416,34380,782,0.0,0,0,140,0,136
0,389466112233971712,701637613,96,177,0,0.0,0,0,94,0,137
0,389466105317564416,900570896,68,68,0,0.0,0,0,22,0,138
0,389466102130311168,1617968180,106,142,4,0.0,0,0,59,0,139
0,389466100070879232,223940338,429,201,0,0.0,0,0,24,0,140
1,389465579712573440,1216957902,2356,2352,36,0.0,0,0,111,0,264
0,389466073981919232,353439289,2059,1789,84,0.0,0,0,135,1,146
0,389466048446988288,769271150,36,0,2,0.0,0,0,100,0,152
0,389466043652911105,392979931,287,267,7,0.0,0,0,131,1,153
0,389466043007381504,720921690,114,116,0,0.0,0,0,38,0,153
0,389466036934049792,1217953194,43,56,0,0.0,0,0,71,1,155
0,389466016297652225,736488265,349,247,0,0.0,0,0,134,0,160
0,389465987562500096,24924654,38,98,3,0.0,0,0,133,0,166
0,389465980600332288,22821189,18248,1040,53,0.0,0,0,127,0,168
0,389465945757868032,952153170,2159,2265,53,0.0,0,0,121,0,176
0,389466466686205952,1434769195,378,242,15,0.0,0,0,111,0,53
0,389466464672968704,200364204,569,410,0,0.0,0,0,140,1,54
0,389466377154600960,625670430,450,628,2,0.0,0,0,112,0,75
0,389466219101036544,1371032352,22,115,0,0.0,0,0,114,0,112
0,389466086690664449,19733000,219,214,9,0.0,0,0,87,0,144
0,389466079791030272,23595091,1753,592,29,0.0,0,0,122,0,145
0,389466021935194112,477962564,237,701,1,0.0,0,0,139,0,159
0,389465822173093888,1039750230,2533,2653,64,0.0,0,0,79,0,207
0,389465775867588608,14966216,324,319,46,0.0,0,0,108,0,218
0,389466151710777344,539490812,69,75,0,0.0,0,0,43,0,128
